0 20 20
1 25 30
2 33 50
3 46 76
4 63 58
5 78 43
6 92 16
7 120 16
8 161 11
9 202 15
10 272 13
11 350 20
12 464 19
13 581 23
14 720 29
15 845 42
16 973 56
17 1040 65
18 1076 87
19 967 96
20 789 117
21 630 138
22 433 145
23 319 141
24 208 111
25 159 96
26 141 68
27 110 63
28 104 43
29 111 34
30 106 12
31 125 4
32 140 6
33 150 4
34 187 0
35 208 0
36 227 0
37 258 0
38 298 0
39 344 0
40 380 0
41 399 0
42 435 0
43 448 0
44 462 0
45 451 0
46 429 0
47 391 0
48 385 0
49 329 0
50 309 0
51 247 0
52 207 0
53 184 0
54 166 0
55 152 0
56 154 0
57 148 0
58 138 0
59 157 0
60 171 0
61 186 0
62 199 0
63 220 0
64 245 0
65 264 0
66 290 0
67 350 0
68 391 0
69 418 0
70 434 0
71 429 0
72 401 0
73 409 0
74 376 0
75 332 0
76 296 0
77 278 0
78 256 0
79 235 0
80 223 0
81 191 0
82 213 0
83 214 0
84 219 0
85 213 0
86 233 0
87 261 0
88 278 0
89 287 0
90 318 0
91 319 0
92 305 0
93 309 0
94 309 0
95 248 0
96 225 0
97 224 0
98 218 0
99 222 0
100 222 0
101 201 0
102 215 0
103 221 0
104 243 0
105 269 0
106 290 0
107 298 0
108 302 0
109 306 0
110 311 0
111 310 0
112 301 0
113 293 0
114 298 0
115 294 0
116 283 0
117 264 0
118 261 0
119 258 0
120 261 0
121 210 0
122 196 0
123 201 0
124 216 0
125 236 0
126 263 0
127 281 0
128 275 0
129 285 0
130 299 0
131 295 0
132 282 0
133 290 0
134 273 0
135 276 0
136 261 0
137 239 0
138 255 0
139 238 0
140 255 0
141 227 0
142 212 0
143 227 0
144 235 0
145 241 0
146 282 0
147 300 0
148 306 0
149 287 0
150 310 0
151 308 0
152 320 0
153 300 0
154 289 0
155 268 0
156 275 0
157 239 0
158 246 0
159 261 0
160 250 0
161 269 0
162 257 0
163 257 0
164 274 0
165 266 0
166 282 0
167 279 0
168 263 0
169 237 0
170 248 0
171 275 0
172 287 0
173 290 0
174 322 0
175 297 0
176 292 0
177 237 0
178 256 0
179 254 0
180 263 0
181 270 0
182 274 0
183 253 0
184 271 0
185 247 0
186 252 0
187 274 0
188 289 0
189 308 0
190 263 0
191 251 0
192 252 0
193 268 0
194 258 0
195 263 0
196 248 0
197 231 0
198 208 0
199 217 0
